20 80
                                                                                  
                                                                                 
 000  000  000  000  000  000  000  000  000  000  000  000  000  000  000      
                                                                                      
                                                                                      
                                                                                 
 000  000  000  000  000  000  000  000  000  000  000  000  000  000  000            
                                                                                                                                       
                                                                                  
                                                                                                                                                                 
 000  000  000  000  000  000  000  000  000  000  000  000  000  000  000       
                                                                                 
                                                                                      
                                                                                      
 000  000  000  000  000  000  000  000  000  000  000  000  000  000  000       
                                                                                  
                                                                                      
                                                                                      
 000  000  000  000  000  000  000  000  000  000  000  000  000  000  000       
                                                                                      
                                                                                 
                                                                                      
 000  000  000  000  000  000  000  000  000  000  000  000  000  000  000            
                                                                                
                                                                                
                                                                                      
