20 80
                                                                                      
                                                                                      
                                                                                      
                                                                                      
                                                                                      
                           00                                                                                      
                           0 0                                                            
                            0                                                          
                                                                                      
                                                                                      
                                                                                      
                                                                                      
                                                                                      
                                                                                      
                                                                                      
                                                                                      
                                                                                      
                                                                                      
                                                                                      
                                                                                      
                                                                                      
                                                                                      
                                                                                      
                                                                                      
                                                                                      
                                                                                      
                                                                                      