20 80
                                                                                      
                                                                                      
                                                                                      
                                                                                      
                                                                                      
                           000                                                                                          
                           0                                                                     
                            0                                                           
                                                                                      
                                                                                      
                                                                                      
                                                                                      
                                                                                      
                                                                                      
                                                                                      
                                                                                      
                                                                                      
                                                                                      
                                                                                      
                                                                                      
                                                                                      
                                                                                      
                                                                                      
                                                                                      
                                                                                      
                                                                                      
                                                                                      