20 80
                                                                                      
                                                                                      
                                                                                      
                                                                                      
                                                                                      
                           000                                                                                      
                                                                                       
                                                                                      
                                                                                      
                                                                                      
                                                                                      
                                                                                      
                                                                                      
                                                                                      
                                                                                      
                                                                                      
                                                                                      
                                                                                      
                                                                                      
                                                                                      
                                                                                      
                                                                                      
                                                                                      
                                                                                      
                                                                                      
                                                                                      
                                                                                      
                                                                                      
                                                                                       
                                                                                       
                                                                                       
                                                                                       
