20 80
                                                                                      
                                                                                      
                                                                                      
                                                                                      
                                                                                      
                           00                                                                                      
                           00                                                            
                                                                                      
                                                                                      
                                                                                      
                                                                                      
                                                                                      
                                                                                      
                                                                                      
                                                                                      
                                                                                      
                                                                                      
                                                                                      
                                                                                      
                                                                                      
                                                                                      
                                                                                      
                                                                                      
                                                                                      
                                                                                      
                                                                                      
                                                                                      