0,3.4865e-006
1,3.4728e-006
2,3.4526e-006
3,3.4431e-006
4,3.4352e-006
5,3.4296e-006
6,3.4229e-006
7,3.416e-006
8,3.4109e-006
9,3.4033e-006
10,3.3948e-006
11,3.3869e-006
12,3.3785e-006
13,3.3763e-006
14,3.3718e-006
15,3.3636e-006
16,3.3537e-006
17,3.3451e-006
18,3.3368e-006
19,3.3295e-006
20,3.3222e-006
21,3.3184e-006
22,3.3183e-006
23,3.3167e-006
24,3.312e-006
25,3.3017e-006
26,3.2962e-006
27,3.2971e-006
28,3.2915e-006
29,3.2883e-006
30,3.2862e-006
31,3.2825e-006
32,3.2796e-006
33,3.278e-006
34,3.2725e-006
35,3.2693e-006
36,3.2662e-006
37,3.2662e-006
38,3.2617e-006
39,3.2531e-006
40,3.2523e-006
41,3.2481e-006
42,3.241e-006
43,3.2362e-006
44,3.2312e-006
45,3.2277e-006
46,3.2227e-006
47,3.2189e-006
48,3.2156e-006
49,3.2126e-006
50,3.2148e-006
51,3.2107e-006
52,3.2021e-006
53,3.1949e-006
54,3.1885e-006
55,3.1838e-006
56,3.1866e-006
57,3.1912e-006
58,3.1897e-006
59,3.1815e-006
60,3.1777e-006
61,3.1775e-006
62,3.1742e-006
63,3.1686e-006
64,3.1706e-006
65,3.1625e-006
66,3.1513e-006
67,3.1476e-006
68,3.1489e-006
69,3.1422e-006
70,3.1441e-006
71,3.1451e-006
72,3.146e-006
73,3.1426e-006
74,3.1382e-006
75,3.1381e-006
76,3.1447e-006
77,3.1453e-006
78,3.1424e-006
79,3.1379e-006
80,3.1359e-006
81,3.1305e-006
82,3.1266e-006
83,3.1253e-006
84,3.1247e-006
85,3.1167e-006
86,3.1133e-006
87,3.1108e-006
88,3.1018e-006
89,3.0965e-006
90,3.0914e-006
91,3.0839e-006
92,3.0807e-006
93,3.0803e-006
94,3.0815e-006
95,3.0863e-006
96,3.0877e-006
97,3.0959e-006
98,3.0923e-006
99,3.0794e-006
100,3.0695e-006
101,3.0657e-006
102,3.0638e-006
103,3.0624e-006
104,3.0547e-006
105,3.0522e-006
106,3.049e-006
107,3.0484e-006
108,3.0383e-006
109,3.0393e-006
110,3.0396e-006
111,3.0389e-006
112,3.0352e-006
113,3.0328e-006
114,3.0301e-006
115,3.0264e-006
116,3.0194e-006
117,3.0178e-006
118,3.0128e-006
119,3.0143e-006
120,3.0104e-006
121,3.0052e-006
122,2.9957e-006
123,2.9942e-006
124,3.0013e-006
125,2.9988e-006
126,3.0027e-006
127,2.992e-006
128,2.9811e-006
129,2.9736e-006
130,2.9644e-006
131,2.9603e-006
132,2.9567e-006
133,2.9558e-006
134,2.9544e-006
135,2.9526e-006
136,2.9567e-006
137,2.952e-006
138,2.9397e-006
139,2.9322e-006
140,2.9332e-006
141,2.9347e-006
142,2.9296e-006
143,2.9209e-006
144,2.9195e-006
145,2.9237e-006
146,2.9341e-006
147,2.936e-006
148,2.9291e-006
149,2.923e-006
150,2.9186e-006
151,2.9158e-006
152,2.9041e-006
153,2.8909e-006
154,2.887e-006
155,2.8853e-006
156,2.882e-006
157,2.8822e-006
158,2.8797e-006
159,2.8704e-006
160,2.8599e-006
161,2.8454e-006
162,2.8483e-006
163,2.855e-006
164,2.8513e-006
165,2.849e-006
166,2.8495e-006
167,2.8572e-006
168,2.8599e-006
169,2.8638e-006
170,2.8589e-006
171,2.8504e-006
172,2.8341e-006
173,2.8207e-006
174,2.8174e-006
175,2.8137e-006
176,2.8028e-006
177,2.7931e-006
178,2.7878e-006
179,2.7847e-006
180,2.793e-006
181,2.7974e-006
182,2.7907e-006
183,2.7796e-006
184,2.7753e-006
185,2.7795e-006
186,2.7791e-006
187,2.7794e-006
188,2.7755e-006
189,2.7718e-006
190,2.7746e-006
191,2.7765e-006
192,2.7732e-006
193,2.764e-006
194,2.7558e-006
195,2.7528e-006
196,2.7521e-006
197,2.7507e-006
198,2.7496e-006
199,2.7481e-006
200,2.7476e-006
201,2.7487e-006
202,2.749e-006
203,2.7494e-006
204,2.7544e-006
205,2.7581e-006
206,2.7564e-006
207,2.7546e-006
208,2.7526e-006
209,2.7514e-006
210,2.7458e-006
211,2.738e-006
212,2.7321e-006
213,2.7304e-006
214,2.7273e-006
215,2.7251e-006
216,2.7265e-006
217,2.7283e-006
218,2.7278e-006
219,2.7217e-006
220,2.7173e-006
221,2.7138e-006
222,2.7137e-006
223,2.715e-006
224,2.7204e-006
225,2.7225e-006
226,2.7166e-006
227,2.7183e-006
228,2.7156e-006
229,2.7176e-006
230,2.7161e-006
231,2.711e-006
232,2.7067e-006
233,2.7038e-006
234,2.6963e-006
235,2.6993e-006
236,2.6959e-006
237,2.6987e-006
238,2.702e-006
239,2.7005e-006
240,2.6998e-006
241,2.7011e-006
242,2.6992e-006
243,2.6945e-006
244,2.6903e-006
245,2.6899e-006
246,2.6902e-006
247,2.6897e-006
248,2.6869e-006
249,2.6892e-006
250,2.6889e-006
251,2.6864e-006
252,2.6833e-006
253,2.6797e-006
254,2.6761e-006
255,2.6707e-006
256,2.6653e-006
257,2.6642e-006
258,2.6641e-006
259,2.6611e-006
260,2.66e-006
261,2.6566e-006
262,2.6562e-006
263,2.6577e-006
264,2.6595e-006
265,2.6557e-006
266,2.6542e-006
267,2.6521e-006
268,2.6478e-006
269,2.6481e-006
270,2.6432e-006
271,2.6386e-006
272,2.6362e-006
273,2.6356e-006
274,2.6317e-006
275,2.6283e-006
276,2.6266e-006
277,2.6235e-006
278,2.6194e-006
279,2.6154e-006
280,2.6141e-006
281,2.6124e-006
282,2.6138e-006
283,2.6126e-006
284,2.6131e-006
285,2.6103e-006
286,2.6054e-006
287,2.6028e-006
288,2.595e-006
289,2.5894e-006
290,2.5887e-006
291,2.5873e-006
292,2.5868e-006
293,2.5806e-006
294,2.5755e-006
295,2.5742e-006
296,2.5694e-006
297,2.5658e-006
298,2.5616e-006
299,2.5585e-006
300,2.555e-006
301,2.5533e-006
302,2.5513e-006
303,2.5508e-006
304,2.5417e-006
305,2.5411e-006
306,2.5411e-006
307,2.5378e-006
308,2.5273e-006
309,2.5223e-006
310,2.5196e-006
311,2.5101e-006
312,2.506e-006
313,2.496e-006
314,2.4949e-006
315,2.4883e-006
316,2.4891e-006
317,2.4887e-006
318,2.4892e-006
319,2.4884e-006
320,2.4837e-006
321,2.4787e-006
322,2.4752e-006
323,2.4706e-006
324,2.4626e-006
325,2.4572e-006
326,2.4522e-006
327,2.4485e-006
328,2.4391e-006
329,2.4298e-006
330,2.4276e-006
331,2.4191e-006
332,2.4152e-006
333,2.404e-006
334,2.3965e-006
335,2.3848e-006
336,2.3893e-006
337,2.3874e-006
338,2.3874e-006
339,2.386e-006
340,2.3839e-006
341,2.3772e-006
342,2.3692e-006
343,2.3656e-006
344,2.3606e-006
345,2.3582e-006
346,2.3568e-006
347,2.3567e-006
348,2.3564e-006
349,2.354e-006
350,2.3515e-006
351,2.3488e-006
352,2.3473e-006
353,2.3428e-006
354,2.3381e-006
355,2.3371e-006
356,2.3338e-006
357,2.3293e-006
358,2.3264e-006
359,2.3264e-006
360,2.3222e-006
361,2.3106e-006
362,2.3101e-006
363,2.3093e-006
364,2.3084e-006
365,2.3062e-006
366,2.3035e-006
367,2.3031e-006
368,2.3e-006
369,2.2989e-006
370,2.2958e-006
371,2.292e-006
372,2.2893e-006
373,2.2865e-006
374,2.2864e-006
375,2.2789e-006
376,2.2742e-006
377,2.2649e-006
378,2.2545e-006
379,2.242e-006
380,2.2417e-006
381,2.2384e-006
382,2.2308e-006
383,2.2263e-006
384,2.2227e-006
385,2.2126e-006
386,2.2088e-006
387,2.2026e-006
388,2.1978e-006
389,2.1978e-006
390,2.1951e-006
391,2.1895e-006
392,2.1788e-006
393,2.1714e-006
394,2.1668e-006
395,2.1613e-006
396,2.1597e-006
397,2.1577e-006
398,2.1594e-006
399,2.153e-006
400,2.1495e-006
401,2.1483e-006
402,2.1495e-006
403,2.1444e-006
404,2.1376e-006
405,2.1358e-006
406,2.1339e-006
407,2.1295e-006
408,2.1147e-006
409,2.1203e-006
410,2.1207e-006
411,2.1217e-006
412,2.1184e-006
413,2.1185e-006
414,2.1151e-006
415,2.1118e-006
416,2.1073e-006
417,2.1064e-006
418,2.0998e-006
419,2.1003e-006
420,2.0958e-006
421,2.0926e-006
422,2.0894e-006
423,2.0864e-006
424,2.0869e-006
425,2.0882e-006
426,2.0891e-006
427,2.0873e-006
428,2.0849e-006
429,2.0817e-006
430,2.0745e-006
431,2.0727e-006
432,2.074e-006
433,2.0772e-006
434,2.073e-006
435,2.0686e-006
436,2.0688e-006
437,2.0705e-006
438,2.0685e-006
439,2.0644e-006
440,2.0616e-006
441,2.0611e-006
442,2.0595e-006
443,2.0563e-006
444,2.056e-006
445,2.0497e-006
446,2.0409e-006
447,2.0352e-006
448,2.0334e-006
449,2.0338e-006
450,2.0292e-006
451,2.026e-006
452,2.026e-006
453,2.0224e-006
454,2.0224e-006
455,2.0261e-006
456,2.0213e-006
457,2.0139e-006
458,2.0071e-006
459,2.0056e-006
460,2.0077e-006
461,2.0051e-006
462,1.9982e-006
463,1.9943e-006
464,1.9914e-006
465,1.9841e-006
466,1.9802e-006
467,1.9771e-006
468,1.9744e-006
469,1.9703e-006
470,1.9657e-006
471,1.9631e-006
472,1.9675e-006
473,1.9663e-006
474,1.9633e-006
475,1.9561e-006
476,1.9483e-006
477,1.951e-006
478,1.9495e-006
479,1.9444e-006
480,1.9392e-006
481,1.933e-006
482,1.9297e-006
483,1.9267e-006
484,1.9238e-006
485,1.9192e-006
486,1.9201e-006
487,1.9197e-006
488,1.9198e-006
489,1.9229e-006
490,1.9213e-006
491,1.9183e-006
492,1.9201e-006
493,1.9198e-006
494,1.9187e-006
495,1.9141e-006
496,1.9147e-006
497,1.9083e-006
498,1.9014e-006
499,1.898e-006
500,1.8935e-006
501,1.8919e-006
502,1.8893e-006
503,1.8862e-006
504,1.8855e-006
505,1.8802e-006
506,1.8751e-006
507,1.8778e-006
508,1.8777e-006
509,1.8786e-006
510,1.8779e-006
511,1.8729e-006
512,1.8721e-006
513,1.8678e-006
514,1.867e-006
515,1.8641e-006
516,1.8572e-006
517,1.8514e-006
518,1.8479e-006
519,1.8455e-006
520,1.8485e-006
521,1.8476e-006
522,1.8511e-006
523,1.8417e-006
524,1.84e-006
525,1.8342e-006
526,1.8289e-006
527,1.8292e-006
528,1.8294e-006
529,1.8339e-006
530,1.8346e-006
531,1.8333e-006
532,1.8321e-006
533,1.8305e-006
534,1.8303e-006
535,1.8258e-006
536,1.8148e-006
537,1.8101e-006
538,1.8007e-006
539,1.7917e-006
0,0
0,0
0,0
0,0
0,0
0,0
0,0
0,0
0,0
0,0
0,0
0,0
0,0
0,0
0,0
0,0
0,0
0,0
0,0
0,0
0,0
0,0
0,0
0,0
0,0
0,0
0,0
0,0
0,0
0,0
0,0
0,0
0,0
0,0
0,0
0,0
0,0
0,0
0,0
0,0
0,0
0,0
0,0
0,0
0,0
0,0
0,0
0,0
0,0
0,0
0,0
0,0
0,0
0,0
0,0
0,0
0,0
0,0
0,0
0,0
0,0
0,0
0,0
0,0
0,0
0,0
0,0
0,0
0,0
0,0
0,0
0,0
0,0
0,0
0,0
0,0
0,0
0,0
0,0
0,0
0,0
0,0
0,0
0,0
0,0
0,0
0,0
0,0
0,0
0,0
0,0
0,0
0,0
0,0
0,0
0,0
0,0
0,0
0,0
0,0
0,0
0,0
0,0
0,0
0,0
0,0
0,0
0,0
0,0
0,0
0,0
0,0
0,0
0,0
0,0
0,0
0,0
0,0
0,0
0,0
0,0
0,0
0,0
0,0
0,0
0,0
0,0
0,0
0,0
0,0
0,0
0,0
0,0
0,0
0,0
0,0
0,0
0,0
0,0
0,0
0,0
0,0
0,0
0,0
0,0
0,0
0,0
0,0
0,0
0,0
0,0
0,0
0,0
0,0
0,0
0,0
0,0
0,0
0,0
0,0
0,0
0,0
0,0
0,0
0,0
0,0
0,0
0,0
0,0
0,0
0,0
0,0
0,0
0,0
0,0
0,0
0,0
0,0
0,0
0,0
0,0
0,0
0,0
0,0
0,0
0,0
0,0
0,0
0,0
0,0
0,0
0,0
0,0
0,0
0,0
0,0
0,0
0,0
0,0
0,0
0,0
0,0
0,0
0,0
0,0
0,0
0,0
0,0
0,0
0,0
0,0
0,0
0,0
0,0
0,0
0,0
0,0
0,0
0,0
0,0
0,0
0,0
0,0
0,0
0,0
0,0
0,0
0,0
0,0
0,0
0,0
0,0
0,0
0,0
0,0
0,0
0,0
0,0
0,0
0,0
0,0
0,0
0,0
0,0
0,0
0,0
0,0
0,0
0,0
0,0
0,0
0,0
0,0
0,0
0,0
0,0
0,0
0,0
0,0
0,0
0,0
0,0
0,0
0,0
0,0
0,0
0,0
0,0
0,0
0,0
0,0
0,0
0,0
0,0
0,0
0,0
0,0
0,0
0,0
0,0
0,0
0,0
0,0
0,0
0,0
0,0
0,0
0,0
0,0
0,0
0,0
0,0
0,0
0,0
0,0
0,0
0,0
0,0
0,0
0,0
0,0
0,0
0,0
0,0
0,0
0,0
0,0
0,0
0,0
0,0
0,0
0,0
0,0
0,0
0,0
0,0
0,0
0,0
0,0
0,0
0,0
0,0
0,0
0,0
0,0
0,0
0,0
0,0
0,0
0,0
0,0
0,0
0,0
0,0
0,0
0,0
0,0
0,0
0,0
0,0
0,0
0,0
0,0
0,0
0,0
0,0
0,0
0,0
0,0
0,0
0,0
0,0
0,0
0,0
0,0
0,0
0,0
0,0
0,0
0,0
0,0
0,0
0,0
0,0
0,0
0,0
0,0
0,0
0,0
0,0
0,0
0,0
0,0
0,0
0,0
0,0
0,0
0,0
0,0
0,0
0,0
0,0
0,0
0,0
0,0
0,0
0,0
0,0
0,0
0,0
0,0
0,0
0,0
0,0
0,0
0,0
0,0
0,0
0,0
0,0
0,0
0,0
0,0
0,0
0,0
0,0
0,0
0,0
0,0
0,0
0,0
0,0
0,0
0,0
0,0
0,0
0,0
0,0
0,0
0,0
0,0
0,0
0,0
0,0
0,0
0,0
0,0
0,0
0,0
0,0
0,0
0,0
0,0
0,0
0,0
0,0
0,0
0,0
0,0
0,0
0,0
0,0
0,0
0,0
0,0
0,0
0,0
0,0
0,0
0,0
0,0
0,0
0,0
0,0
0,0
0,0
0,0
0,0
0,0
0,0
0,0
0,0
0,0
0,0
0,0
0,0
0,0
0,0
0,0
0,0
0,0
0,0
0,0
0,0
0,0
0,0
0,0
0,0
0,0
0,0
0,0
0,0
0,0
0,0
0,0
0,0
0,0
0,0
0,0
0,0
0,0
0,0
0,0
0,0
0,0
0,0
0,0
0,0
0,0
0,0
0,0
0,0
0,0
0,0
0,0
0,0
0,0
0,0
0,0
0,0
0,0
0,0
0,0
0,0
0,0
0,0
0,0
0,0
0,0
0,0
0,0
0,0
0,0
0,0
0,0
0,0
0,0
0,0
0,0
0,0
0,0
0,0
0,0
0,0
0,0
0,0
0,0
0,0
0,0
0,0
0,0
0,0
0,0
0,0
0,0
0,0
0,0
0,0
0,0
0,0
0,0
0,0
0,0
0,0
0,0
0,0
0,0
0,0
0,0
0,0
0,0
0,0
0,0
0,0
0,0
0,0
0,0
0,0
0,0
0,0
0,0
0,0
0,0
0,0
0,0
0,0
0,0
0,0
0,0
0,0
0,0
0,0
0,0
0,0
0,0
0,0
0,0
0,0
0,0
0,0
0,0
0,0
0,0
0,0
0,0
0,0
0,0
0,0
0,0
0,0
0,0
0,0
0,0
0,0
0,0
0,0
0,0
0,0
0,0
0,0
0,0
0,0
0,0
0,0
0,0
0,0
0,0
0,0
0,0
0,0
0,0
0,0
0,0
0,0
0,0
0,0
0,0
0,0
0,0
0,0
0,0
0,0
0,0
0,0
0,0
0,0
0,0
0,0
0,0
0,0
0,0
0,0
0,0
0,0
0,0
0,0
0,0
0,0
0,0
0,0
0,0
0,0
0,0
0,0
0,0
0,0
0,0
0,0
0,0
0,0
0,0
0,0
0,0
0,0
0,0
0,0
0,0
0,0
0,0
0,0
0,0
0,0
0,0
0,0
0,0
0,0
0,0
0,0
0,0
0,0
0,0
0,0
0,0
0,0
0,0
0,0
0,0
0,0
0,0
0,0
0,0
0,0
0,0
0,0
0,0
0,0
0,0
0,0
0,0
0,0
0,0
0,0
0,0
0,0
0,0
0,0
0,0
0,0
0,0
0,0
0,0
0,0
0,0
0,0
0,0
0,0
0,0
0,0
0,0
0,0
0,0
0,0
0,0
0,0
0,0
0,0
0,0
0,0
0,0
0,0
0,0
0,0
0,0
0,0
0,0
0,0
0,0
0,0
0,0
0,0
0,0
0,0
0,0
0,0
0,0
0,0
0,0
0,0
0,0
0,0
0,0
0,0
0,0
0,0
0,0
0,0
0,0
0,0
0,0
0,0
0,0
0,0
0,0
0,0
0,0
0,0
0,0
0,0
0,0
0,0
0,0
0,0
0,0
0,0
0,0
0,0
0,0
0,0
0,0
0,0
0,0
0,0
0,0
0,0
0,0
0,0
0,0
0,0
0,0
0,0
0,0
0,0
0,0
0,0
0,0
0,0
0,0
0,0
0,0
0,0
0,0
0,0
0,0
0,0
0,0
0,0
0,0
0,0
0,0
0,0
0,0
0,0
0,0
0,0
0,0
0,0
0,0
0,0
0,0
0,0
0,0
0,0
0,0
0,0
0,0
0,0
0,0
0,0
0,0
0,0
0,0
0,0
0,0
0,0
0,0
0,0
0,0
0,0
0,0
0,0
0,0
0,0
0,0
0,0
0,0
0,0
0,0
0,0
0,0
0,0
0,0
0,0
0,0
0,0
0,0
0,0
0,0
0,0
0,0
0,0
0,0
0,0
0,0
0,0
0,0
0,0
0,0
0,0
0,0
0,0
0,0
0,0
0,0
0,0
0,0
0,0
0,0
0,0
0,0
0,0
0,0
0,0
0,0
0,0
0,0
0,0
0,0
0,0
0,0
0,0
0,0
0,0
0,0
0,0
0,0
0,0
0,0
0,0
0,0
0,0
0,0
0,0
0,0
0,0
0,0
0,0
0,0
0,0
0,0
0,0
0,0
0,0
0,0
0,0
0,0
0,0
0,0
0,0
0,0
0,0
0,0
0,0
0,0
0,0
0,0
0,0
0,0
0,0
0,0
0,0
0,0
0,0
0,0
0,0
0,0
0,0
0,0
0,0
0,0
0,0
0,0
0,0
0,0
0,0
0,0
0,0
0,0
0,0
0,0
0,0
0,0
0,0
0,0
0,0
0,0
0,0
0,0
0,0
0,0
0,0
0,0
0,0
0,0
0,0
0,0
0,0
0,0
0,0
0,0
0,0
0,0
0,0
0,0
0,0
0,0
0,0
0,0
0,0
0,0
0,0
0,0
0,0
0,0
0,0
0,0
0,0
0,0
0,0
0,0
0,0
0,0
0,0
0,0
0,0
0,0
0,0
0,0
0,0
0,0
0,0
0,0
0,0
0,0
0,0
0,0
0,0
0,0
0,0
0,0
0,0
0,0
0,0
0,0
0,0
0,0
0,0
0,0
0,0
0,0
0,0
0,0
0,0
0,0
0,0
0,0
0,0
0,0
0,0
0,0
0,0
0,0
0,0
0,0
0,0
0,0
0,0
0,0
0,0
0,0
0,0
0,0
0,0
0,0
0,0
0,0
0,0
0,0
0,0
0,0
0,0
0,0
0,0
0,0
0,0
0,0
0,0
0,0
0,0
0,0
0,0
0,0
0,0
0,0
0,0
0,0
0,0
0,0
0,0
0,0
0,0
0,0
0,0
0,0
0,0
0,0
0,0
0,0
0,0
0,0
0,0
0,0
0,0
0,0
0,0
0,0
0,0
0,0
0,0
0,0
0,0
0,0
0,0
0,0
0,0
0,0
0,0
0,0
0,0
0,0
0,0
0,0
0,0
0,0
0,0
0,0
0,0
0,0
0,0
0,0
0,0
0,0
0,0
0,0
0,0
0,0
0,0
0,0
0,0
0,0
0,0
0,0
0,0
0,0
0,0
0,0
0,0
0,0
0,0
0,0
0,0
0,0
0,0
0,0
0,0
0,0
0,0
0,0
0,0
0,0
0,0
0,0
0,0
0,0
0,0
0,0
0,0
0,0
0,0
0,0
0,0
0,0
0,0
0,0
0,0
0,0
0,0
0,0
0,0
0,0
0,0
0,0
0,0
0,0
0,0
0,0
0,0
0,0
0,0
0,0
0,0
0,0
0,0
0,0
0,0
0,0
0,0
0,0
0,0
0,0
0,0
0,0
0,0
0,0
0,0
0,0
0,0
0,0
0,0
0,0
0,0
0,0
0,0
0,0
0,0
0,0
0,0
0,0
0,0
0,0
0,0
0,0
0,0
0,0
0,0
0,0
0,0
0,0
0,0
0,0
0,0
0,0
0,0
0,0
0,0
0,0
0,0
0,0
0,0
0,0
0,0
0,0
0,0
0,0
0,0
0,0
0,0
0,0
0,0
0,0
0,0
0,0
0,0
0,0
0,0
0,0
0,0
0,0
0,0
0,0
0,0
0,0
0,0
0,0
0,0
0,0
0,0
0,0
0,0
0,0
0,0
0,0
0,0
0,0
0,0
0,0
0,0
0,0
0,0
0,0
0,0
0,0
0,0
0,0
0,0
0,0
0,0
0,0
0,0
0,0
0,0
0,0
0,0
0,0
0,0
0,0
0,0
0,0
0,0
0,0
0,0
0,0
0,0
0,0
0,0
0,0
0,0
0,0
0,0
0,0
0,0
0,0
0,0
0,0
0,0
0,0
0,0
0,0
0,0
0,0
0,0
0,0
0,0
0,0
0,0
0,0
0,0
0,0
0,0
0,0
0,0
0,0
0,0
0,0
0,0
0,0
0,0
0,0
0,0
0,0
0,0
0,0
0,0
0,0
0,0
0,0
0,0
0,0
0,0
0,0
0,0
0,0
0,0
0,0
0,0
0,0
0,0
0,0
0,0
0,0
0,0
0,0
0,0
0,0
0,0
0,0
0,0
0,0
0,0
0,0
0,0
0,0
0,0
0,0
0,0
0,0
0,0
0,0
0,0
0,0
0,0
0,0
0,0
0,0
0,0
0,0
0,0
0,0
0,0
0,0
0,0
0,0
0,0
0,0
0,0
0,0
0,0
0,0
0,0
0,0
0,0
0,0
0,0
0,0
0,0
0,0
0,0
0,0
0,0
0,0
0,0
0,0
0,0
0,0
0,0
0,0
0,0
0,0
0,0
0,0
0,0
0,0
0,0
0,0
0,0
0,0
0,0
0,0
0,0
0,0
0,0
0,0
0,0
0,0
0,0
0,0
0,0
0,0
0,0
0,0
0,0
0,0
0,0
0,0
0,0
0,0
0,0
0,0
0,0
0,0
0,0
0,0
0,0
0,0
0,0
0,0
0,0
0,0
0,0
0,0
0,0
0,0
0,0
0,0
0,0
0,0
0,0
0,0
0,0
0,0
0,0
0,0
0,0
0,0
0,0
0,0
0,0
0,0
0,0
0,0
0,0
0,0
0,0
0,0
0,0
0,0
0,0
0,0
0,0
0,0
0,0
0,0
0,0
0,0
0,0
0,0
0,0
0,0
0,0
0,0
0,0
0,0
0,0
0,0
0,0
0,0
0,0
0,0
0,0
0,0
0,0
0,0
0,0
0,0
0,0
0,0
0,0
0,0
0,0
0,0
0,0
0,0
0,0
0,0
0,0
0,0
0,0
0,0
0,0
0,0
0,0
0,0
0,0
0,0
0,0
0,0
0,0
0,0
0,0
0,0
0,0
0,0
0,0
0,0
0,0
0,0
0,0
0,0
0,0
0,0
0,0
0,0
0,0
0,0
0,0
0,0
0,0
0,0
0,0
0,0
0,0
0,0
0,0
0,0
0,0
0,0
0,0
0,0
0,0
0,0
0,0
0,0
0,0
0,0
0,0
0,0
0,0
0,0
0,0
0,0
0,0
0,0
0,0
0,0
0,0
0,0
0,0
0,0
0,0
0,0
0,0
0,0
0,0
0,0
0,0
0,0
0,0
0,0
0,0
0,0
0,0
0,0
0,0
0,0
0,0
0,0
0,0
0,0
0,0
0,0
0,0
0,0
0,0
0,0
0,0
0,0
0,0
0,0
0,0
0,0
0,0
0,0
0,0
0,0
0,0
0,0
0,0
0,0
0,0
0,0
0,0
0,0
0,0
0,0
0,0
0,0
0,0
0,0
0,0
0,0
0,0
0,0
0,0
0,0
0,0
0,0
0,0
0,0
0,0
0,0
0,0
0,0
0,0
0,0
0,0
0,0
0,0
0,0
0,0
0,0
0,0
0,0
0,0
0,0
0,0
0,0
0,0
0,0
0,0
0,0
0,0
0,0
0,0
0,0
0,0
0,0
0,0
0,0
0,0
0,0
0,0
0,0
0,0
0,0
0,0
0,0
0,0
0,0
0,0
0,0
0,0
0,0
0,0
0,0
0,0
0,0
0,0
0,0
0,0
0,0
0,0
0,0
0,0
0,0
0,0
0,0
0,0
0,0
0,0
0,0
0,0
0,0
0,0
0,0
0,0
0,0
0,0
0,0
0,0
0,0
0,0
0,0
0,0
0,0
0,0
0,0
0,0
0,0
0,0
0,0
0,0
0,0
0,0
0,0
0,0
0,0
0,0
0,0
0,0
0,0
0,0
0,0
0,0
0,0
0,0
0,0
0,0
0,0
0,0
0,0
0,0
0,0
0,0
0,0
0,0
0,0
0,0
0,0
0,0
0,0
0,0
0,0
0,0
0,0
0,0
0,0
0,0
0,0
0,0
0,0
0,0
0,0
0,0
0,0
0,0
0,0
0,0
0,0
0,0
0,0
0,0
0,0
0,0
0,0
0,0
0,0
0,0
0,0
0,0
0,0
0,0
0,0
0,0
0,0
0,0
0,0
0,0
0,0
0,0
0,0
0,0
0,0
0,0
0,0
0,0
0,0
0,0
0,0
0,0
0,0
0,0
0,0
0,0
0,0
0,0
0,0
0,0
0,0
0,0
0,0
0,0
0,0
0,0
0,0
0,0
0,0
0,0
0,0
0,0
0,0
0,0
0,0
0,0
0,0
0,0
0,0
0,0
0,0
0,0
0,0
0,0
0,0
0,0
0,0
0,0
0,0
0,0
0,0
0,0
0,0
0,0
0,0
0,0
0,0
0,0
0,0
0,0
0,0
0,0
0,0
0,0
0,0
0,0
0,0
0,0
0,0
0,0
0,0
0,0
0,0
0,0
0,0
0,0
0,0
0,0
0,0
0,0
0,0
0,0
0,0
0,0
0,0
0,0
0,0
0,0
0,0
0,0
0,0
0,0
0,0
0,0
0,0
0,0
0,0
0,0
0,0
0,0
0,0
0,0
0,0
0,0
0,0
0,0
0,0
0,0
0,0
0,0
0,0
0,0
0,0
0,0
0,0
0,0
0,0
0,0
0,0
0,0
0,0
0,0
0,0
0,0
0,0
0,0
0,0
0,0
0,0
0,0
0,0
0,0
0,0
0,0
0,0
0,0
0,0
0,0
0,0
0,0
0,0
0,0
0,0
0,0
0,0
0,0
0,0
0,0
0,0
0,0
0,0
0,0
0,0
0,0
0,0
0,0
0,0
0,0
0,0
0,0
0,0
0,0
0,0
0,0
0,0
0,0
0,0
0,0
0,0
0,0
0,0
0,0
0,0
0,0
0,0
0,0
0,0
0,0
0,0
0,0
0,0
0,0
0,0
0,0
0,0
0,0
0,0
0,0
0,0
0,0
0,0
0,0
0,0
0,0
0,0
0,0
0,0
0,0
0,0
0,0
0,0
0,0
0,0
0,0
0,0
0,0
0,0
0,0
0,0
0,0
0,0
0,0
0,0
0,0
0,0
0,0
0,0
0,0
0,0
0,0
0,0
0,0
0,0
0,0
0,0
0,0
0,0
0,0
0,0
0,0
0,0
0,0
0,0
0,0
0,0
0,0
0,0
0,0
0,0
0,0
0,0
0,0
0,0
0,0
0,0
0,0
0,0
0,0
0,0
0,0
0,0
0,0
0,0
0,0
0,0
0,0
0,0
0,0
0,0
0,0
0,0
0,0
0,0
0,0
0,0
0,0
0,0
0,0
0,0
0,0
0,0
0,0
0,0
0,0
0,0
0,0
0,0
0,0
0,0
0,0
0,0
0,0
0,0
0,0
0,0
0,0
0,0
0,0
0,0
0,0
0,0
0,0
0,0
0,0
0,0
0,0
0,0
0,0
0,0
0,0
0,0
0,0
0,0
0,0
0,0
0,0
0,0
0,0
0,0
0,0
0,0
0,0
0,0
0,0
0,0
0,0
0,0
0,0
0,0
0,0
0,0
0,0
0,0
0,0
0,0
0,0
0,0
0,0
0,0
0,0
0,0
0,0
0,0
0,0
0,0
0,0
0,0
0,0
0,0
0,0
0,0
0,0
0,0
0,0
0,0
0,0
0,0
0,0
0,0
0,0
0,0
0,0
0,0
0,0
0,0
0,0
0,0
0,0
0,0
0,0
0,0
0,0
0,0
0,0
0,0
0,0
0,0
0,0
0,0
0,0
0,0
0,0
0,0
0,0
0,0
0,0
0,0
0,0
0,0
0,0
0,0
0,0
0,0
0,0
0,0
0,0
0,0
0,0
0,0
0,0
0,0
0,0
0,0
0,0
0,0
0,0
0,0
0,0
0,0
0,0
0,0
0,0
0,0
0,0
0,0
0,0
0,0
0,0
0,0
0,0
0,0
0,0
0,0
0,0
0,0
0,0
0,0
0,0
0,0
0,0
0,0
0,0
0,0
0,0
0,0
0,0
0,0
0,0
0,0
0,0
0,0
0,0
0,0
0,0
0,0
0,0
0,0
0,0
0,0
0,0
0,0
0,0
0,0
0,0
0,0
0,0
0,0
0,0
0,0
0,0
0,0
0,0
0,0
0,0
0,0
0,0
0,0
0,0
0,0
0,0
0,0
0,0
0,0
0,0
0,0
0,0
0,0
0,0
0,0
0,0
0,0
0,0
0,0
0,0
0,0
0,0
0,0
0,0
0,0
0,0
0,0
0,0
0,0
0,0
0,0
0,0
0,0
0,0
0,0
0,0
0,0
0,0
0,0
0,0
0,0
0,0
0,0
0,0
0,0
0,0
0,0
0,0
0,0
0,0
0,0
0,0
0,0
0,0
0,0
0,0
0,0
0,0
0,0
0,0
0,0
0,0
0,0
0,0
0,0
0,0
0,0
0,0
0,0
0,0
0,0
0,0
0,0
0,0
0,0
0,0
0,0
0,0
0,0
0,0
0,0
0,0
0,0
0,0
0,0
0,0
0,0
0,0
0,0
0,0
0,0
0,0
0,0
0,0
0,0
0,0
0,0
0,0
0,0
0,0
0,0
0,0
0,0
0,0
0,0
0,0
0,0
0,0
0,0
0,0
0,0
0,0
0,0
0,0
0,0
0,0
0,0
0,0
0,0
0,0
0,0
0,0
0,0
0,0
0,0
0,0
0,0
0,0
0,0
0,0
0,0
0,0
0,0
0,0
0,0
0,0
0,0
0,0
0,0
0,0
0,0
0,0
0,0
0,0
0,0
0,0
0,0
0,0
0,0
0,0
0,0
0,0
0,0
0,0
0,0
0,0
0,0
0,0
0,0
0,0
0,0
0,0
0,0
0,0
0,0
0,0
0,0
0,0
0,0
0,0
0,0
0,0
0,0
0,0
0,0
0,0
0,0
0,0
0,0
0,0
0,0
0,0
0,0
0,0
0,0
0,0
0,0
0,0
0,0
0,0
0,0
0,0
0,0
0,0
0,0
0,0
0,0
0,0
0,0
0,0
0,0
0,0
0,0
0,0
0,0
0,0
0,0
0,0
0,0
0,0
0,0
0,0
0,0
0,0
0,0
0,0
0,0
0,0
0,0
0,0
0,0
0,0
0,0
0,0
0,0
0,0
0,0
0,0
0,0
0,0
